              precision    recall  f1-score   support

           0     0.6364    0.8974    0.7447        78
           1     0.7083    0.7969    0.7500        64
           2     0.9999    0.9960    0.9979     22969
           3     0.5823    0.7871    0.6694       728
           4     0.5667    0.3927    0.4639       303
           5     0.6419    0.9091    0.7525       209
           6     0.9863    0.9108    0.9470      2914
           7     0.9794    0.9745    0.9769      2194
           8     0.8977    0.9784    0.9363       278
           9     0.6154    0.8421    0.7111        19

    accuracy                         0.9733     29756
   macro avg     0.7614    0.8485    0.7950     29756
weighted avg     0.9771    0.9733    0.9743     29756
