              precision    recall  f1-score   support

           1       0.14      0.69      0.24        64
           2       1.00      0.99      1.00     22968
           3       0.56      0.41      0.47       728
           4       0.29      0.59      0.39       303
           5       0.34      0.84      0.48       209
           6       1.00      0.76      0.86      2914
           7       0.97      0.95      0.96      2194
           8       0.80      0.96      0.88       278
           9       0.08      0.84      0.15        19

    accuracy                           0.95     29677
   macro avg       0.58      0.78      0.60     29677
weighted avg       0.97      0.95      0.95     29677
