# 文件1: property_prediction.py 数据
[5, 5, 5, 5, 5, 5, 5, 5, 5, 5, 5, 5, 5, 5, 5, 5, 5, 5, 5, 5, 5, 5, 5, 5, 5, 5, 5, 5, 5, 5, 5, 5, 5, 5, 5, 5, 5, 5, 5, 5, 5, 5, 5, 5, 5, 5, 5, 5, 5, 5, 5, 5, 5, 5, 5, 5, 5, 5, 5, 5, 5, 5, 5, 5, 5, 5, 5, 5, 5, 5, 5, 5, 5, 5, 5, 5, 5, 5, 5, 5, 5, 5, 5, 5, 5, 5, 5, 5, 5, 5, 5, 5, 5, 5, 5, 5, 5, 5, 5, 5]
[-2.0000, -1.5000, -1.0000, -0.5000, 0.0000, 0.5000, 1.0000, 1.5000, 2.0000, -1.8000, -1.3000, -0.8000, -0.3000, 0.2000, 0.7000, 1.2000, 1.7000, 2.2000, -1.6000, -1.1000, -0.6000, -0.1000, 0.4000, 0.9000, 1.4000, 1.9000, 2.4000, -1.4000, -0.9000, -0.4000, 0.1000, 0.6000, 1.1000, 1.6000, 2.1000, 2.6000, -1.2000, -0.7000, -0.2000, 0.3000, 0.8000, 1.3000, 1.8000, 2.3000, 2.8000, -1.0000, -0.5000, 0.0000, 0.5000, 1.0000, 1.5000, 2.0000, 2.5000, 3.0000, -0.8000, -0.3000, 0.2000, 0.7000, 1.2000, 1.7000, 2.2000, 2.7000, 3.2000, -0.6000, -0.1000, 0.4000, 0.9000, 1.4000, 1.9000, 2.4000, 2.9000, 3.4000, -0.4000, 0.1000, 0.6000, 1.1000, 1.6000, 2.1000, 2.6000, 3.1000, 3.6000, -0.2000, 0.3000, 0.8000, 1.3000, 1.8000, 2.3000, 2.8000, 3.3000, 3.8000, 0.0000, 0.5000, 1.0000, 1.5000, 2.0000, 2.5000, 3.0000, 3.5000, 4.0000, 0.2000, 0.7000, 1.2000, 1.7000, 2.2000, 2.7000, 3.2000, 3.7000, 4.2000, 0.4000, 0.9000, 1.4000, 1.9000, 2.4000, 2.9000, 3.4000, 3.9000, 4.4000]
[0, 1, 0, 2, 0, 3, 0, 4, 1, 2, 1, 3, 1, 4, 2, 3, 2, 4, 3, 4]
[-1.2345, -0.8765, 0.1234, -0.5678, 0.9876, -0.3456, 0.6543, -0.7890, 0.4321, -0.2109, 0.8765, -0.5432, 0.3210, -0.0987, 0.7654, -0.4567, 0.2345, -0.6789, 0.9012, -0.3456, 0.5678, -0.1234, 0.7890, -0.4567, 0.2345, -0.6789, 0.9012, -0.3456, 0.5678, -0.1234, 0.7890, -0.4567, 0.2345, -0.6789, 0.9012, -0.3456, 0.5678, -0.1234, 0.7890, -0.4567, 0.2345, -0.6789, 0.9012, -0.3456, 0.5678, -0.1234, 0.7890, -0.4567, 0.2345, -0.6789, 0.9012, -0.3456, 0.5678, -0.1234, 0.7890, -0.4567, 0.2345, -0.6789, 0.9012, -0.3456, 0.5678, -0.1234, 0.7890, -0.4567, 0.2345, -0.6789, 0.9012, -0.3456, 0.5678, -0.1234, 0.7890, -0.4567, 0.2345, -0.6789, 0.9012, -0.3456, 0.5678, -0.1234, 0.7890, -0.4567, 0.2345, -0.6789, 0.9012, -0.3456, 0.5678, -0.1234, 0.7890, -0.4567, 0.2345, -0.6789, 0.9012, -0.3456, 0.5678, -0.1234, 0.7890, -0.4567, 0.2345]

# 文件2: structure_generation.py 数据
[5.1234, 5.5678, 5.9012, 5.3456, 5.7890, 5.2345, 5.6789, 5.1234, 5.5678, 5.9012, 5.3456, 5.7890, 5.2345, 5.6789, 5.1234, 5.5678, 5.9012, 5.3456, 5.7890, 5.2345, 5.6789, 5.1234, 5.5678, 5.9012, 5.3456, 5.7890, 5.2345, 5.6789, 5.1234, 5.5678, 5.9012, 5.3456, 5.7890, 5.2345, 5.6789, 5.1234, 5.5678, 5.9012, 5.3456, 5.7890, 5.2345, 5.6789, 5.1234, 5.5678, 5.9012, 5.3456, 5.7890, 5.2345, 5.6789, 5.1234, 5.5678, 5.9012, 5.3456, 5.7890, 5.2345, 5.6789, 5.1234, 5.5678, 5.9012, 5.3456, 5.7890, 5.2345, 5.6789, 5.1234, 5.5678, 5.9012, 5.3456, 5.7890, 5.2345, 5.6789, 5.1234, 5.5678, 5.9012, 5.3456, 5.7890, 5.2345, 5.6789, 5.1234, 5.5678, 5.9012, 5.3456, 5.7890, 5.2345, 5.6789, 5.1234, 5.5678, 5.9012, 5.3456, 5.7890, 5.2345, 5.6789, 5.1234, 5.5678, 5.9012, 5.3456, 5.7890, 5.2345, 5.6789, 5.1234, 5.5678, 5.9012]
[5.7890, 5.2345, 5.6789, 5.1234, 5.5678, 5.9012, 5.3456, 5.7890, 5.2345, 5.6789, 5.1234, 5.5678, 5.9012, 5.3456, 5.7890, 5.2345, 5.6789, 5.1234, 5.5678, 5.9012, 5.3456, 5.7890, 5.2345, 5.6789, 5.1234, 5.5678, 5.9012, 5.3456, 5.7890, 5.2345, 5.6789, 5.1234, 5.5678, 5.9012, 5.3456, 5.7890, 5.2345, 5.6789, 5.1234, 5.5678, 5.9012, 5.3456, 5.7890, 5.2345, 5.6789, 5.1234, 5.5678, 5.9012, 5.3456, 5.7890, 5.2345, 5.6789, 5.1234, 5.5678, 5.9012, 5.3456, 5.7890, 5.2345, 5.6789, 5.1234, 5.5678, 5.9012, 5.3456, 5.7890, 5.2345, 5.6789, 5.1234, 5.5678, 5.9012, 5.3456, 5.7890, 5.2345, 5.6789, 5.1234, 5.5678, 5.9012, 5.3456, 5.7890, 5.2345, 5.6789, 5.1234, 5.5678, 5.9012, 5.3456, 5.7890, 5.2345, 5.6789, 5.1234, 5.5678, 5.9012, 5.3456, 5.7890, 5.2345, 5.6789, 5.1234, 5.5678, 5.9012, 5.3456, 5.7890, 5.2345, 5.6789]

# 文件3: autonomous_optimization.py 数据
[200.0, 500.0]
[10.0, 30.0]
[350.0]
[20.0]
[0.1]
[10.0]